
% parameters for A8
k1 = 0.003;
k2 = 0.4;
k3 = 0.009;
k4 = 0.04;
k5 = 0.05;
k6 = 0.16;
k7 = 0.2;
k8 = 0.08;
k9 = 0.002;

k10 = 0.3;
k11 = 0.08;
k12 = 0.001;
k13 = 0.005;
k14 = 0.007;
k15 = 0.003;
k16 = 0.04;
k17 = 0.003;
k18 = 0.4;
k19 = 0.3;
k20 = 0.04;
k21 = 0.04;
k22 = 0.01;
k23 = 0.09;
k24 = 0.01;
k25 = 0.002;
k26 = 0.01;
k27 = 0.03;
k28 = 0.008;
k29 = 0.1;
k30 = 0.1;
k31 = 0.003;
k32 = 0.4;
k33 = 0.02;
k34 = 0.07;
k35 = 0.19;
k36 = 0.4;
k37 = 0.09;
k38 = 0.07;
k39 = 0.1;

k40 = 0.04;
k41 = 0.1;
k42 = 0.3;
k43 = 0.001;
k44 = 0.002;
k45 = 0.01;
k46 = 0.5;
k47 = 0.008;
k48 = 0.1;
k49 = 0.2;
k50 = 0.001;
k51 = 0.0001;
k52 = 0.003;
k53 = 0.21;
k54 = 0.02;
k55 = 0.34;
k56 = 0.3;
k57 = 0.004;
k58 = 0.01;
k59 = 0.4;
k60 = 0.55;
k61 = 0.55;
k62 = 0.005;
k63 = 0.5;
k64 = 0.007;
k65 = 0.03;
k66 = 0.1;
k67 = 0.002;
k68 = 0.03;
k69 = 0.002;
k70 = 0.34;
k71 = 0.003;
k72 = 0.03;
k73 = 0.004;
k74 = 0.08;
k75 = 0.03;
k76 = 0.18;
k77 = 0.4;
k78 = 0.08;
k79 = 0.02;












